MPI_Init 1 1 0.000000 14904.628122
MPI_Irecv 2 0 14904.628143 14904.628151 1 4 1 2 123 0x7ffc51b173e0
MPI_Isend 3 0 14904.628157 14904.628177 1 4 2 3 123
MPI_Irecv 4 0 14904.628192 14904.628193 1 4 1 2 125 0x7ffc51b173f0
MPI_Isend 5 0 14904.628199 14904.628200 1 4 2 3 125
MPI_Wait 6 5 14904.628206 14905.828536 0x7ffc51b173f0
MPI_Wait 7 -1 14905.828540 14905.828541 0x7ffc51b173f8
MPI_Wait 8 -1 14905.828542 14905.828542 0x7ffc51b173e8
MPI_Wait 9 3 14905.828544 14905.828544 0x7ffc51b173e0
MPI_Barrier 10 2 14905.828546 14907.928996
MPI_Finalize 11 3 14908.229078 14908.229079
