MPI_Init 1 1 0.000000 14904.628200
MPI_Irecv 2 0 14904.928276 14904.928287 1 4 0 1 123 0x7ffe4a507420
MPI_Isend 3 0 14905.228356 14905.228387 1 4 1 2 123
MPI_Irecv 4 0 14905.528453 14905.528455 1 4 0 1 125 0x7ffe4a507430
MPI_Isend 5 0 14905.828519 14905.828524 1 4 1 2 125
MPI_Wait 6 5 14906.128588 14906.128642 0x7ffe4a507430
MPI_Wait 7 -1 14906.728709 14906.728710 0x7ffe4a507438
MPI_Wait 8 -1 14907.028780 14907.028782 0x7ffe4a507428
MPI_Wait 9 3 14907.628850 14907.628856 0x7ffe4a507420
MPI_Barrier 10 2 14907.928924 14907.928966
MPI_Finalize 11 3 14907.928980 14907.928980
