MPI_Init 1 1 0.000000 14904.628145
MPI_Irecv 2 0 14904.628159 14904.628164 1 4 2 3 123 0x7ffdbf9d41a0
MPI_Isend 3 0 14904.628169 14904.628183 1 4 3 0 123
MPI_Irecv 4 0 14904.628188 14904.628189 1 4 2 3 125 0x7ffdbf9d41b0
MPI_Isend 5 0 14904.628192 14904.628193 1 4 3 0 125
MPI_Wait 6 5 14904.628196 14904.628225 0x7ffdbf9d41b0
MPI_Wait 7 -1 14904.628229 14904.628230 0x7ffdbf9d41b8
MPI_Wait 8 -1 14904.628233 14904.628233 0x7ffdbf9d41a8
MPI_Wait 9 3 14904.628237 14904.628237 0x7ffdbf9d41a0
MPI_Barrier 10 2 14904.628240 14907.928978
MPI_Finalize 11 3 14907.928983 14907.928983
