MPI_Init 1 1 0.000000 14904.628164
MPI_Irecv 2 0 14904.628180 14904.628186 1 4 3 0 123 0x7fffada9a5a0
MPI_Isend 3 0 14904.628201 14904.628222 1 4 0 1 123
MPI_Irecv 4 0 14904.628228 14904.628228 1 4 3 0 125 0x7fffada9a5b0
MPI_Isend 5 0 14904.628233 14904.628233 1 4 0 1 125
MPI_Wait 6 5 14904.628238 14904.628264 0x7fffada9a5b0
MPI_Wait 7 -1 14904.628268 14904.628269 0x7fffada9a5b8
MPI_Wait 8 -1 14904.628272 14904.628272 0x7fffada9a5a8
MPI_Wait 9 3 14904.628276 14904.628277 0x7fffada9a5a0
MPI_Barrier 10 2 14904.628280 14907.928983
MPI_Finalize 11 3 14907.928988 14907.928988
